-97.000000 0.917408 0.082592
-96.000000 0.999033 0.000967
-95.000000 1.001511 -0.001511
-94.000000 1.027048 -0.027048
-93.000000 0.966699 0.033301
-92.000000 0.979071 0.020929
-91.000000 0.963661 0.036339
-90.000000 0.947076 0.052924
-89.000000 0.984256 0.015744
-88.000000 0.956001 0.043999
-87.000000 0.987125 0.012875
-86.000000 0.981718 0.018282
-85.000000 1.047323 -0.047323
-84.000000 1.024674 -0.024674
-83.000000 1.002515 -0.002515
-82.000000 1.002299 -0.002299
-81.000000 1.019451 -0.019451
-80.000000 1.054150 -0.054150
-79.000000 0.982561 0.017439
-78.000000 0.998639 0.001361
-77.000000 0.941529 0.058471
-76.000000 0.964487 0.035513
-75.000000 0.953936 0.046064
-74.000000 0.979316 0.020684
-73.000000 0.968542 0.031458
-72.000000 0.971116 0.028884
-71.000000 0.971790 0.028210
-70.000000 1.034771 -0.034771
-69.000000 1.038054 -0.038054
-68.000000 1.068301 -0.068301
-67.000000 1.011412 -0.011412
-66.000000 1.014612 -0.014612
-65.000000 1.015545 -0.015545
-64.000000 1.041535 -0.041535
-63.000000 1.006325 -0.006325
-62.000000 1.025648 -0.025648
-61.000000 1.033653 -0.033653
-60.000000 1.055819 -0.055819
-59.000000 1.005329 -0.005329
-58.000000 0.992301 0.007699
-57.000000 0.979482 0.020518
-56.000000 1.000348 -0.000348
-55.000000 0.987060 0.012940
-54.000000 1.015599 -0.015599
-53.000000 1.024669 -0.024669
-52.000000 1.085462 -0.085462
-51.000000 1.036645 -0.036645
-50.000000 0.994081 0.005919
-49.000000 0.952368 0.047632
-48.000000 0.997956 0.002044
-47.000000 1.045001 -0.045001
-46.000000 1.012656 -0.012656
-45.000000 0.979712 0.020288
-44.000000 0.931782 0.068218
-43.000000 0.953063 0.046937
-42.000000 0.959658 0.040342
-41.000000 0.950119 0.049881
-40.000000 0.939609 0.060391
-39.000000 0.939870 0.060130
-38.000000 0.940540 0.059460
-37.000000 0.951813 0.048187
-36.000000 0.917877 0.082123
-35.000000 0.986328 0.013672
-34.000000 0.965136 0.034864
-33.000000 1.040356 -0.040356
-32.000000 1.003840 -0.003840
-31.000000 1.060411 -0.060411
-30.000000 1.041949 -0.041949
-29.000000 1.035607 -0.035607
-28.000000 0.985659 0.014341
-27.000000 0.988572 0.011428
-26.000000 0.964793 0.035207
-25.000000 0.981219 0.018781
-24.000000 0.981359 0.018641
-23.000000 1.008666 -0.008666
-22.000000 1.008172 -0.008172
-21.000000 0.980631 0.019369
-20.000000 0.978180 0.021820
-19.000000 0.977256 0.022744
-18.000000 0.985801 0.014199
-17.000000 1.011367 -0.011367
-16.000000 1.011885 -0.011885
-15.000000 1.043126 -0.043126
-14.000000 1.014998 -0.014998
-13.000000 1.030158 -0.030158
-12.000000 1.027696 -0.027696
-11.000000 1.013243 -0.013243
-10.000000 1.008130 -0.008130
-9.000000 0.991121 0.008879
-8.000000 1.034969 -0.034969
-7.000000 1.037889 -0.037889
-6.000000 1.032950 -0.032950
-5.000000 1.022158 -0.022158
-4.000000 0.989411 0.010589
-3.000000 1.003971 -0.003971
-2.000000 1.012394 -0.012394
-1.000000 1.073393 -0.073393
0.000000 0.970676 0.029324
1.000000 0.834181 0.165819
2.000000 0.702175 0.297825
3.000000 0.687325 0.312675
4.000000 0.662750 0.337250
5.000000 0.666184 0.333816
6.000000 0.633041 0.366959
7.000000 0.630333 0.369667
8.000000 0.594880 0.405120
9.000000 0.569454 0.430546
10.000000 0.568442 0.431558
11.000000 0.569823 0.430177
12.000000 0.564862 0.435138
13.000000 0.560174 0.439826
14.000000 0.525715 0.474285
15.000000 0.494572 0.505428
16.000000 0.460543 0.539457
17.000000 0.475918 0.524082
18.000000 0.485679 0.514321
19.000000 0.507447 0.492553
20.000000 0.462243 0.537757
21.000000 0.452767 0.547233
22.000000 0.465193 0.534807
23.000000 0.420621 0.579379
24.000000 0.444559 0.555441
25.000000 0.408949 0.591051
26.000000 0.441221 0.558779
27.000000 0.422880 0.577120
28.000000 0.401553 0.598447
29.000000 0.425950 0.574050
30.000000 0.407350 0.592650
31.000000 0.427402 0.572598
32.000000 0.398788 0.601212
33.000000 0.376211 0.623789
34.000000 0.334161 0.665839
35.000000 0.316417 0.683583
36.000000 0.348259 0.651741
37.000000 0.313692 0.686308
38.000000 0.305572 0.694428
39.000000 0.247223 0.752777
40.000000 0.242250 0.757750
41.000000 0.209850 0.790150
42.000000 0.305632 0.694368
43.000000 0.326554 0.673446
44.000000 0.357636 0.642364
45.000000 0.312510 0.687490
46.000000 0.288968 0.711032
47.000000 0.282351 0.717649
48.000000 0.274058 0.725942
49.000000 0.255790 0.744210
50.000000 0.237587 0.762413
51.000000 0.229895 0.770105
52.000000 0.250520 0.749480
53.000000 0.242037 0.757963
54.000000 0.225787 0.774213
55.000000 0.293016 0.706984
56.000000 0.327406 0.672594
57.000000 0.324463 0.675537
58.000000 0.310705 0.689295
59.000000 0.286997 0.713003
60.000000 0.278089 0.721911
61.000000 0.268293 0.731707
62.000000 0.280831 0.719169
63.000000 0.322703 0.677297
64.000000 0.330355 0.669645
65.000000 0.296351 0.703649
66.000000 0.249783 0.750217
67.000000 0.204275 0.795725
68.000000 0.245603 0.754397
69.000000 0.282493 0.717507
70.000000 0.264954 0.735046
71.000000 0.238472 0.761528
72.000000 0.196093 0.803907
73.000000 0.243520 0.756480
74.000000 0.201173 0.798827
75.000000 0.196414 0.803586
76.000000 0.148470 0.851530
77.000000 0.155627 0.844373
78.000000 0.150634 0.849366
79.000000 0.140608 0.859392
80.000000 0.168777 0.831223
81.000000 0.177621 0.822379
82.000000 0.228374 0.771626
83.000000 0.225360 0.774640
84.000000 0.234977 0.765023
85.000000 0.217269 0.782731
86.000000 0.230858 0.769142
87.000000 0.218766 0.781234
88.000000 0.157862 0.842138
89.000000 0.180317 0.819683
90.000000 0.207652 0.792348
91.000000 0.239531 0.760469
92.000000 0.168930 0.831070
93.000000 0.112420 0.887580
94.000000 0.113103 0.886897
95.000000 0.147394 0.852606
96.000000 0.170268 0.829732
97.000000 0.161422 0.838578
98.000000 0.141914 0.858086
99.000000 0.111110 0.888890
100.000000 0.134104 0.865896
101.000000 0.142803 0.857197
102.000000 0.124534 0.875466
103.000000 0.108901 0.891099
104.000000 0.098092 0.901908
105.000000 0.108135 0.891865
106.000000 0.085273 0.914727
107.000000 0.071610 0.928390
108.000000 0.112626 0.887374
109.000000 0.118145 0.881855
110.000000 0.155215 0.844785
111.000000 0.155338 0.844662
112.000000 0.131045 0.868955
113.000000 0.136289 0.863711
114.000000 0.096214 0.903786
115.000000 0.156072 0.843928
116.000000 0.105300 0.894700
117.000000 0.108455 0.891545
118.000000 0.064191 0.935809
119.000000 0.119101 0.880899
120.000000 0.165528 0.834472
121.000000 0.107491 0.892509
122.000000 0.053190 0.946810
123.000000 0.055166 0.944834
124.000000 0.154794 0.845206
125.000000 0.179117 0.820883
126.000000 0.123310 0.876690
127.000000 0.091978 0.908022
128.000000 0.029753 0.970247
129.000000 0.047674 0.952326
130.000000 0.053423 0.946577
131.000000 0.149113 0.850887
132.000000 0.151803 0.848197
133.000000 0.115699 0.884301
134.000000 0.061019 0.938981
135.000000 0.068680 0.931320
136.000000 0.100473 0.899527
137.000000 0.075928 0.924072
138.000000 0.049494 0.950506
139.000000 -0.009243 1.009243
140.000000 0.045856 0.954144
141.000000 0.064711 0.935289
142.000000 0.091211 0.908789
143.000000 0.046228 0.953772
144.000000 0.068846 0.931154
145.000000 0.078866 0.921134
146.000000 0.124684 0.875316
147.000000 0.067923 0.932077
148.000000 0.073219 0.926781
149.000000 0.073099 0.926901
150.000000 0.082424 0.917576
151.000000 0.115487 0.884513
152.000000 0.071079 0.928921
153.000000 0.071287 0.928713
154.000000 0.025063 0.974937
155.000000 0.047019 0.952981
156.000000 0.052149 0.947851
157.000000 0.036449 0.963551
158.000000 0.021072 0.978928
159.000000 0.050436 0.949564
160.000000 0.053141 0.946859
161.000000 0.061307 0.938693
162.000000 0.016359 0.983641
163.000000 0.051265 0.948735
164.000000 0.047216 0.952784
165.000000 0.066080 0.933920
166.000000 0.021727 0.978273
167.000000 0.025492 0.974508
168.000000 0.029756 0.970244
169.000000 0.043886 0.956114
170.000000 0.055846 0.944154
171.000000 0.065430 0.934570
172.000000 0.078941 0.921059
173.000000 0.009334 0.990666
174.000000 -0.005737 1.005737
175.000000 -0.024875 1.024875
176.000000 0.058916 0.941084
177.000000 0.045892 0.954108
178.000000 0.054172 0.945828
179.000000 -0.002028 1.002028
180.000000 -0.001991 1.001991
181.000000 0.001093 0.998907
182.000000 0.044330 0.955670
183.000000 0.025750 0.974250
184.000000 0.007709 0.992291
185.000000 -0.010867 1.010867
186.000000 0.028138 0.971862
187.000000 0.069331 0.930669
188.000000 0.067961 0.932039
189.000000 0.020274 0.979726
190.000000 0.009037 0.990963
191.000000 -0.017396 1.017396
192.000000 0.008748 0.991252
193.000000 -0.023891 1.023891
194.000000 0.045994 0.954006
195.000000 0.047389 0.952611
196.000000 0.072115 0.927885
197.000000 0.045092 0.954908
198.000000 0.029676 0.970324
199.000000 0.000275 0.999725
200.000000 -0.061239 1.061239
201.000000 -0.025891 1.025891
202.000000 0.006954 0.993046
203.000000 0.052838 0.947162
204.000000 0.035530 0.964470
205.000000 0.025716 0.974284
206.000000 -0.017866 1.017866
207.000000 0.014983 0.985017
208.000000 0.007584 0.992416
209.000000 0.052082 0.947918
210.000000 0.075237 0.924763
211.000000 0.096370 0.903630
212.000000 0.091513 0.908487
213.000000 0.044874 0.955126
214.000000 0.019341 0.980659
215.000000 0.006532 0.993468
216.000000 -0.034042 1.034042
217.000000 -0.050432 1.050432
218.000000 -0.066521 1.066521
219.000000 -0.028979 1.028979
220.000000 -0.007086 1.007086
221.000000 0.011888 0.988112
222.000000 0.031201 0.968799
223.000000 0.037229 0.962771
224.000000 0.034130 0.965870
225.000000 0.009629 0.990371
226.000000 -0.028206 1.028206
227.000000 -0.017325 1.017325
228.000000 -0.036527 1.036527
229.000000 -0.047654 1.047654
230.000000 -0.072364 1.072364
231.000000 -0.001339 1.001339
232.000000 0.049461 0.950539
233.000000 0.018085 0.981915
234.000000 -0.032932 1.032932
235.000000 -0.040585 1.040585
236.000000 0.012970 0.987030
237.000000 0.020446 0.979554
238.000000 -0.000084 1.000084
239.000000 -0.034713 1.034713
240.000000 -0.079279 1.079279
241.000000 -0.091437 1.091437
242.000000 -0.088664 1.088664
243.000000 -0.059218 1.059218
244.000000 -0.061164 1.061164
245.000000 0.002415 0.997585
246.000000 -0.016807 1.016807
247.000000 -0.050581 1.050581
248.000000 -0.084931 1.084931
249.000000 -0.064176 1.064176
250.000000 0.020797 0.979203
251.000000 0.006101 0.993899
252.000000 0.028073 0.971927
253.000000 0.016124 0.983876
254.000000 0.043599 0.956401
255.000000 0.011728 0.988272
256.000000 -0.009332 1.009332
257.000000 -0.016148 1.016148
258.000000 0.066842 0.933158
259.000000 0.094963 0.905037
260.000000 0.127951 0.872049
261.000000 0.087144 0.912856
262.000000 0.082030 0.917970
263.000000 0.037365 0.962635
264.000000 -0.010319 1.010319
265.000000 0.000603 0.999397
266.000000 -0.035899 1.035899
267.000000 -0.005573 1.005573
268.000000 -0.029868 1.029868
269.000000 -0.041861 1.041861
270.000000 -0.050690 1.050690
271.000000 -0.064663 1.064663
272.000000 -0.031988 1.031988
273.000000 -0.070468 1.070468
274.000000 -0.034266 1.034266
275.000000 -0.001557 1.001557
276.000000 0.039386 0.960614
277.000000 0.002845 0.997155
278.000000 0.010676 0.989324
279.000000 0.000800 0.999200
280.000000 0.002619 0.997381
281.000000 -0.018104 1.018104
282.000000 0.016737 0.983263
283.000000 0.045194 0.954806
284.000000 0.032326 0.967674
285.000000 0.023619 0.976381
286.000000 0.009579 0.990421
287.000000 -0.012156 1.012156
288.000000 -0.067358 1.067358
289.000000 -0.068459 1.068459
290.000000 -0.029850 1.029850
291.000000 0.007381 0.992619
292.000000 0.016421 0.983579
293.000000 0.038979 0.961021
294.000000 0.023990 0.976010
295.000000 0.026185 0.973815
296.000000 0.011680 0.988320
297.000000 0.009817 0.990183
298.000000 -0.020639 1.020639
